{
 "cells": [
  {
   "cell_type": "markdown",
   "metadata": {},
   "source": [
    "# Exercise 15 Pandas-02"
   ]
  },
  {
   "cell_type": "markdown",
   "metadata": {},
   "source": [
    "# Import Pandas module and numpy module"
   ]
  },
  {
   "cell_type": "code",
   "execution_count": 1,
   "metadata": {},
   "outputs": [],
   "source": [
    "import pandas as pd\n",
    "import numpy as np"
   ]
  },
  {
   "cell_type": "markdown",
   "metadata": {},
   "source": [
    "# Read csv file\n",
    "the file is in './data/earthquake.csv' and assign it to variable 'eq'"
   ]
  },
  {
   "cell_type": "code",
   "execution_count": 3,
   "metadata": {},
   "outputs": [
    {
     "data": {
      "text/html": [
       "<div>\n",
       "<style scoped>\n",
       "    .dataframe tbody tr th:only-of-type {\n",
       "        vertical-align: middle;\n",
       "    }\n",
       "\n",
       "    .dataframe tbody tr th {\n",
       "        vertical-align: top;\n",
       "    }\n",
       "\n",
       "    .dataframe thead th {\n",
       "        text-align: right;\n",
       "    }\n",
       "</style>\n",
       "<table border=\"1\" class=\"dataframe\">\n",
       "  <thead>\n",
       "    <tr style=\"text-align: right;\">\n",
       "      <th></th>\n",
       "      <th>Year</th>\n",
       "      <th>Month</th>\n",
       "      <th>Day</th>\n",
       "      <th>Time UTC</th>\n",
       "      <th>Mag</th>\n",
       "      <th>Lat</th>\n",
       "      <th>Lon</th>\n",
       "      <th>Depth km</th>\n",
       "      <th>Region</th>\n",
       "      <th>IRIS ID</th>\n",
       "      <th>Timestamp</th>\n",
       "    </tr>\n",
       "  </thead>\n",
       "  <tbody>\n",
       "    <tr>\n",
       "      <th>0</th>\n",
       "      <td>2019</td>\n",
       "      <td>2</td>\n",
       "      <td>11</td>\n",
       "      <td>3:59:47</td>\n",
       "      <td>2.0</td>\n",
       "      <td>59.8971</td>\n",
       "      <td>-152.7478</td>\n",
       "      <td>93.5</td>\n",
       "      <td>SOUTHERN ALASKA</td>\n",
       "      <td>11004556</td>\n",
       "      <td>1549857587</td>\n",
       "    </tr>\n",
       "    <tr>\n",
       "      <th>1</th>\n",
       "      <td>2019</td>\n",
       "      <td>2</td>\n",
       "      <td>11</td>\n",
       "      <td>3:36:08</td>\n",
       "      <td>1.1</td>\n",
       "      <td>33.5512</td>\n",
       "      <td>-116.9202</td>\n",
       "      <td>10.7</td>\n",
       "      <td>SOUTHERN CALIFORNIA</td>\n",
       "      <td>11004553</td>\n",
       "      <td>1549856168</td>\n",
       "    </tr>\n",
       "    <tr>\n",
       "      <th>2</th>\n",
       "      <td>2019</td>\n",
       "      <td>2</td>\n",
       "      <td>11</td>\n",
       "      <td>3:20:42</td>\n",
       "      <td>1.9</td>\n",
       "      <td>59.4979</td>\n",
       "      <td>-152.9018</td>\n",
       "      <td>73.5</td>\n",
       "      <td>SOUTHERN ALASKA</td>\n",
       "      <td>11004552</td>\n",
       "      <td>1549855242</td>\n",
       "    </tr>\n",
       "    <tr>\n",
       "      <th>3</th>\n",
       "      <td>2019</td>\n",
       "      <td>2</td>\n",
       "      <td>11</td>\n",
       "      <td>3:04:42</td>\n",
       "      <td>1.5</td>\n",
       "      <td>63.1436</td>\n",
       "      <td>-152.1082</td>\n",
       "      <td>4.2</td>\n",
       "      <td>CENTRAL ALASKA</td>\n",
       "      <td>11004550</td>\n",
       "      <td>1549854282</td>\n",
       "    </tr>\n",
       "    <tr>\n",
       "      <th>4</th>\n",
       "      <td>2019</td>\n",
       "      <td>2</td>\n",
       "      <td>11</td>\n",
       "      <td>2:41:44</td>\n",
       "      <td>2.7</td>\n",
       "      <td>59.6321</td>\n",
       "      <td>-146.3146</td>\n",
       "      <td>14.3</td>\n",
       "      <td>GULF OF ALASKA</td>\n",
       "      <td>11004548</td>\n",
       "      <td>1549852904</td>\n",
       "    </tr>\n",
       "    <tr>\n",
       "      <th>5</th>\n",
       "      <td>2019</td>\n",
       "      <td>2</td>\n",
       "      <td>11</td>\n",
       "      <td>2:35:25</td>\n",
       "      <td>4.2</td>\n",
       "      <td>-18.7592</td>\n",
       "      <td>169.3604</td>\n",
       "      <td>250.8</td>\n",
       "      <td>VANUATU ISLANDS</td>\n",
       "      <td>11004551</td>\n",
       "      <td>1549852525</td>\n",
       "    </tr>\n",
       "    <tr>\n",
       "      <th>6</th>\n",
       "      <td>2019</td>\n",
       "      <td>2</td>\n",
       "      <td>11</td>\n",
       "      <td>2:28:08</td>\n",
       "      <td>2.5</td>\n",
       "      <td>35.1262</td>\n",
       "      <td>-97.8705</td>\n",
       "      <td>5.0</td>\n",
       "      <td>OKLAHOMA</td>\n",
       "      <td>11004549</td>\n",
       "      <td>1549852088</td>\n",
       "    </tr>\n",
       "    <tr>\n",
       "      <th>7</th>\n",
       "      <td>2019</td>\n",
       "      <td>2</td>\n",
       "      <td>11</td>\n",
       "      <td>2:23:05</td>\n",
       "      <td>2.0</td>\n",
       "      <td>19.4032</td>\n",
       "      <td>-155.2403</td>\n",
       "      <td>2.3</td>\n",
       "      <td>HAWAII</td>\n",
       "      <td>11004547</td>\n",
       "      <td>1549851785</td>\n",
       "    </tr>\n",
       "    <tr>\n",
       "      <th>8</th>\n",
       "      <td>2019</td>\n",
       "      <td>2</td>\n",
       "      <td>11</td>\n",
       "      <td>1:51:55</td>\n",
       "      <td>2.7</td>\n",
       "      <td>66.3851</td>\n",
       "      <td>-157.3504</td>\n",
       "      <td>39.8</td>\n",
       "      <td>NORTHERN ALASKA</td>\n",
       "      <td>11004546</td>\n",
       "      <td>1549849915</td>\n",
       "    </tr>\n",
       "    <tr>\n",
       "      <th>9</th>\n",
       "      <td>2019</td>\n",
       "      <td>2</td>\n",
       "      <td>11</td>\n",
       "      <td>1:39:55</td>\n",
       "      <td>1.1</td>\n",
       "      <td>33.1690</td>\n",
       "      <td>-116.4932</td>\n",
       "      <td>17.7</td>\n",
       "      <td>SOUTHERN CALIFORNIA</td>\n",
       "      <td>11004544</td>\n",
       "      <td>1549849195</td>\n",
       "    </tr>\n",
       "  </tbody>\n",
       "</table>\n",
       "</div>"
      ],
      "text/plain": [
       "   Year  Month  Day Time UTC  Mag      Lat       Lon  Depth km  \\\n",
       "0  2019      2   11  3:59:47  2.0  59.8971 -152.7478      93.5   \n",
       "1  2019      2   11  3:36:08  1.1  33.5512 -116.9202      10.7   \n",
       "2  2019      2   11  3:20:42  1.9  59.4979 -152.9018      73.5   \n",
       "3  2019      2   11  3:04:42  1.5  63.1436 -152.1082       4.2   \n",
       "4  2019      2   11  2:41:44  2.7  59.6321 -146.3146      14.3   \n",
       "5  2019      2   11  2:35:25  4.2 -18.7592  169.3604     250.8   \n",
       "6  2019      2   11  2:28:08  2.5  35.1262  -97.8705       5.0   \n",
       "7  2019      2   11  2:23:05  2.0  19.4032 -155.2403       2.3   \n",
       "8  2019      2   11  1:51:55  2.7  66.3851 -157.3504      39.8   \n",
       "9  2019      2   11  1:39:55  1.1  33.1690 -116.4932      17.7   \n",
       "\n",
       "                Region   IRIS ID   Timestamp  \n",
       "0      SOUTHERN ALASKA  11004556  1549857587  \n",
       "1  SOUTHERN CALIFORNIA  11004553  1549856168  \n",
       "2      SOUTHERN ALASKA  11004552  1549855242  \n",
       "3       CENTRAL ALASKA  11004550  1549854282  \n",
       "4       GULF OF ALASKA  11004548  1549852904  \n",
       "5      VANUATU ISLANDS  11004551  1549852525  \n",
       "6             OKLAHOMA  11004549  1549852088  \n",
       "7               HAWAII  11004547  1549851785  \n",
       "8      NORTHERN ALASKA  11004546  1549849915  \n",
       "9  SOUTHERN CALIFORNIA  11004544  1549849195  "
      ]
     },
     "execution_count": 3,
     "metadata": {},
     "output_type": "execute_result"
    }
   ],
   "source": [
    "eq=pd.read_csv('./data/earthquake.csv')\n",
    "eq.head(10)"
   ]
  },
  {
   "cell_type": "markdown",
   "metadata": {},
   "source": [
    "# Q1 Get earthquakes whose magnitude is larger than 5.0"
   ]
  },
  {
   "cell_type": "code",
   "execution_count": 4,
   "metadata": {},
   "outputs": [],
   "source": [
    "eq=eq[eq['Mag']>5.0]"
   ]
  },
  {
   "cell_type": "markdown",
   "metadata": {},
   "source": [
    "# Q2 Delete the column named \"IRIS ID\""
   ]
  },
  {
   "cell_type": "code",
   "execution_count": 5,
   "metadata": {},
   "outputs": [
    {
     "data": {
      "text/html": [
       "<div>\n",
       "<style scoped>\n",
       "    .dataframe tbody tr th:only-of-type {\n",
       "        vertical-align: middle;\n",
       "    }\n",
       "\n",
       "    .dataframe tbody tr th {\n",
       "        vertical-align: top;\n",
       "    }\n",
       "\n",
       "    .dataframe thead th {\n",
       "        text-align: right;\n",
       "    }\n",
       "</style>\n",
       "<table border=\"1\" class=\"dataframe\">\n",
       "  <thead>\n",
       "    <tr style=\"text-align: right;\">\n",
       "      <th></th>\n",
       "      <th>Year</th>\n",
       "      <th>Month</th>\n",
       "      <th>Day</th>\n",
       "      <th>Time UTC</th>\n",
       "      <th>Mag</th>\n",
       "      <th>Lat</th>\n",
       "      <th>Lon</th>\n",
       "      <th>Depth km</th>\n",
       "      <th>Region</th>\n",
       "      <th>Timestamp</th>\n",
       "    </tr>\n",
       "  </thead>\n",
       "  <tbody>\n",
       "    <tr>\n",
       "      <th>14</th>\n",
       "      <td>2019</td>\n",
       "      <td>2</td>\n",
       "      <td>11</td>\n",
       "      <td>0:08:48</td>\n",
       "      <td>5.3</td>\n",
       "      <td>13.2099</td>\n",
       "      <td>-87.7116</td>\n",
       "      <td>192.9</td>\n",
       "      <td>HONDURAS</td>\n",
       "      <td>1549843728</td>\n",
       "    </tr>\n",
       "    <tr>\n",
       "      <th>87</th>\n",
       "      <td>2019</td>\n",
       "      <td>2</td>\n",
       "      <td>10</td>\n",
       "      <td>14:33:34</td>\n",
       "      <td>5.2</td>\n",
       "      <td>9.8247</td>\n",
       "      <td>126.3422</td>\n",
       "      <td>35.0</td>\n",
       "      <td>MINDANAO, PHILIPPINES</td>\n",
       "      <td>1549809214</td>\n",
       "    </tr>\n",
       "    <tr>\n",
       "      <th>100</th>\n",
       "      <td>2019</td>\n",
       "      <td>2</td>\n",
       "      <td>10</td>\n",
       "      <td>13:27:09</td>\n",
       "      <td>5.1</td>\n",
       "      <td>-15.0989</td>\n",
       "      <td>-173.5017</td>\n",
       "      <td>10.0</td>\n",
       "      <td>TONGA ISLANDS</td>\n",
       "      <td>1549805229</td>\n",
       "    </tr>\n",
       "    <tr>\n",
       "      <th>120</th>\n",
       "      <td>2019</td>\n",
       "      <td>2</td>\n",
       "      <td>10</td>\n",
       "      <td>10:54:48</td>\n",
       "      <td>5.3</td>\n",
       "      <td>27.0748</td>\n",
       "      <td>55.5409</td>\n",
       "      <td>10.0</td>\n",
       "      <td>SOUTHERN IRAN</td>\n",
       "      <td>1549796088</td>\n",
       "    </tr>\n",
       "    <tr>\n",
       "      <th>162</th>\n",
       "      <td>2019</td>\n",
       "      <td>2</td>\n",
       "      <td>10</td>\n",
       "      <td>5:34:25</td>\n",
       "      <td>5.1</td>\n",
       "      <td>28.1830</td>\n",
       "      <td>129.5768</td>\n",
       "      <td>39.1</td>\n",
       "      <td>RYUKYU ISLANDS, JAPAN</td>\n",
       "      <td>1549776865</td>\n",
       "    </tr>\n",
       "    <tr>\n",
       "      <th>177</th>\n",
       "      <td>2019</td>\n",
       "      <td>2</td>\n",
       "      <td>10</td>\n",
       "      <td>3:22:05</td>\n",
       "      <td>5.2</td>\n",
       "      <td>27.3621</td>\n",
       "      <td>96.4032</td>\n",
       "      <td>10.0</td>\n",
       "      <td>MYANMAR-INDIA BORDER REGION</td>\n",
       "      <td>1549768925</td>\n",
       "    </tr>\n",
       "    <tr>\n",
       "      <th>194</th>\n",
       "      <td>2019</td>\n",
       "      <td>2</td>\n",
       "      <td>10</td>\n",
       "      <td>2:05:01</td>\n",
       "      <td>5.2</td>\n",
       "      <td>0.2889</td>\n",
       "      <td>126.2773</td>\n",
       "      <td>44.1</td>\n",
       "      <td>NORTHERN MOLUCCA SEA</td>\n",
       "      <td>1549764301</td>\n",
       "    </tr>\n",
       "    <tr>\n",
       "      <th>227</th>\n",
       "      <td>2019</td>\n",
       "      <td>2</td>\n",
       "      <td>9</td>\n",
       "      <td>22:21:14</td>\n",
       "      <td>5.2</td>\n",
       "      <td>9.9298</td>\n",
       "      <td>126.3760</td>\n",
       "      <td>10.0</td>\n",
       "      <td>MINDANAO, PHILIPPINES</td>\n",
       "      <td>1549750874</td>\n",
       "    </tr>\n",
       "    <tr>\n",
       "      <th>255</th>\n",
       "      <td>2019</td>\n",
       "      <td>2</td>\n",
       "      <td>9</td>\n",
       "      <td>19:23:08</td>\n",
       "      <td>5.1</td>\n",
       "      <td>-21.6680</td>\n",
       "      <td>-68.3854</td>\n",
       "      <td>121.6</td>\n",
       "      <td>CHILE-BOLIVIA BORDER REGION</td>\n",
       "      <td>1549740188</td>\n",
       "    </tr>\n",
       "    <tr>\n",
       "      <th>547</th>\n",
       "      <td>2019</td>\n",
       "      <td>2</td>\n",
       "      <td>8</td>\n",
       "      <td>12:45:39</td>\n",
       "      <td>5.1</td>\n",
       "      <td>9.8764</td>\n",
       "      <td>126.3908</td>\n",
       "      <td>10.0</td>\n",
       "      <td>MINDANAO, PHILIPPINES</td>\n",
       "      <td>1549629939</td>\n",
       "    </tr>\n",
       "    <tr>\n",
       "      <th>562</th>\n",
       "      <td>2019</td>\n",
       "      <td>2</td>\n",
       "      <td>8</td>\n",
       "      <td>11:55:08</td>\n",
       "      <td>5.9</td>\n",
       "      <td>9.8311</td>\n",
       "      <td>126.5297</td>\n",
       "      <td>24.7</td>\n",
       "      <td>MINDANAO, PHILIPPINES</td>\n",
       "      <td>1549626908</td>\n",
       "    </tr>\n",
       "    <tr>\n",
       "      <th>657</th>\n",
       "      <td>2019</td>\n",
       "      <td>2</td>\n",
       "      <td>8</td>\n",
       "      <td>3:11:05</td>\n",
       "      <td>5.4</td>\n",
       "      <td>-32.8313</td>\n",
       "      <td>57.1405</td>\n",
       "      <td>10.0</td>\n",
       "      <td>SOUTHWEST INDIAN RIDGE</td>\n",
       "      <td>1549595465</td>\n",
       "    </tr>\n",
       "    <tr>\n",
       "      <th>891</th>\n",
       "      <td>2019</td>\n",
       "      <td>2</td>\n",
       "      <td>7</td>\n",
       "      <td>10:03:08</td>\n",
       "      <td>5.4</td>\n",
       "      <td>2.2151</td>\n",
       "      <td>128.7647</td>\n",
       "      <td>33.0</td>\n",
       "      <td>HALMAHERA, INDONESIA</td>\n",
       "      <td>1549533788</td>\n",
       "    </tr>\n",
       "    <tr>\n",
       "      <th>964</th>\n",
       "      <td>2019</td>\n",
       "      <td>2</td>\n",
       "      <td>7</td>\n",
       "      <td>4:15:29</td>\n",
       "      <td>5.7</td>\n",
       "      <td>1.5093</td>\n",
       "      <td>126.4563</td>\n",
       "      <td>35.0</td>\n",
       "      <td>NORTHERN MOLUCCA SEA</td>\n",
       "      <td>1549512929</td>\n",
       "    </tr>\n",
       "    <tr>\n",
       "      <th>992</th>\n",
       "      <td>2019</td>\n",
       "      <td>2</td>\n",
       "      <td>7</td>\n",
       "      <td>1:41:34</td>\n",
       "      <td>5.5</td>\n",
       "      <td>-8.4642</td>\n",
       "      <td>160.9592</td>\n",
       "      <td>65.9</td>\n",
       "      <td>SOLOMON ISLANDS</td>\n",
       "      <td>1549503694</td>\n",
       "    </tr>\n",
       "  </tbody>\n",
       "</table>\n",
       "</div>"
      ],
      "text/plain": [
       "     Year  Month  Day  Time UTC  Mag      Lat       Lon  Depth km  \\\n",
       "14   2019      2   11   0:08:48  5.3  13.2099  -87.7116     192.9   \n",
       "87   2019      2   10  14:33:34  5.2   9.8247  126.3422      35.0   \n",
       "100  2019      2   10  13:27:09  5.1 -15.0989 -173.5017      10.0   \n",
       "120  2019      2   10  10:54:48  5.3  27.0748   55.5409      10.0   \n",
       "162  2019      2   10   5:34:25  5.1  28.1830  129.5768      39.1   \n",
       "177  2019      2   10   3:22:05  5.2  27.3621   96.4032      10.0   \n",
       "194  2019      2   10   2:05:01  5.2   0.2889  126.2773      44.1   \n",
       "227  2019      2    9  22:21:14  5.2   9.9298  126.3760      10.0   \n",
       "255  2019      2    9  19:23:08  5.1 -21.6680  -68.3854     121.6   \n",
       "547  2019      2    8  12:45:39  5.1   9.8764  126.3908      10.0   \n",
       "562  2019      2    8  11:55:08  5.9   9.8311  126.5297      24.7   \n",
       "657  2019      2    8   3:11:05  5.4 -32.8313   57.1405      10.0   \n",
       "891  2019      2    7  10:03:08  5.4   2.2151  128.7647      33.0   \n",
       "964  2019      2    7   4:15:29  5.7   1.5093  126.4563      35.0   \n",
       "992  2019      2    7   1:41:34  5.5  -8.4642  160.9592      65.9   \n",
       "\n",
       "                          Region   Timestamp  \n",
       "14                      HONDURAS  1549843728  \n",
       "87         MINDANAO, PHILIPPINES  1549809214  \n",
       "100                TONGA ISLANDS  1549805229  \n",
       "120                SOUTHERN IRAN  1549796088  \n",
       "162        RYUKYU ISLANDS, JAPAN  1549776865  \n",
       "177  MYANMAR-INDIA BORDER REGION  1549768925  \n",
       "194         NORTHERN MOLUCCA SEA  1549764301  \n",
       "227        MINDANAO, PHILIPPINES  1549750874  \n",
       "255  CHILE-BOLIVIA BORDER REGION  1549740188  \n",
       "547        MINDANAO, PHILIPPINES  1549629939  \n",
       "562        MINDANAO, PHILIPPINES  1549626908  \n",
       "657       SOUTHWEST INDIAN RIDGE  1549595465  \n",
       "891         HALMAHERA, INDONESIA  1549533788  \n",
       "964         NORTHERN MOLUCCA SEA  1549512929  \n",
       "992              SOLOMON ISLANDS  1549503694  "
      ]
     },
     "execution_count": 5,
     "metadata": {},
     "output_type": "execute_result"
    }
   ],
   "source": [
    "eq=eq.drop(columns=['IRIS ID'])\n",
    "eq"
   ]
  },
  {
   "cell_type": "markdown",
   "metadata": {},
   "source": [
    "# Q3 Show the 'Lat' of earthquake in 'SOLOMON ISLANDS'"
   ]
  },
  {
   "cell_type": "code",
   "execution_count": 6,
   "metadata": {},
   "outputs": [
    {
     "data": {
      "text/plain": [
       "992   -8.4642\n",
       "Name: Lat, dtype: float64"
      ]
     },
     "execution_count": 6,
     "metadata": {},
     "output_type": "execute_result"
    }
   ],
   "source": [
    "eq[eq['Region'].isin(['SOLOMON ISLANDS'])].Lat"
   ]
  },
  {
   "cell_type": "markdown",
   "metadata": {},
   "source": [
    "# Q4 Sort according to 'Mag' in decending order"
   ]
  },
  {
   "cell_type": "code",
   "execution_count": 7,
   "metadata": {},
   "outputs": [
    {
     "data": {
      "text/html": [
       "<div>\n",
       "<style scoped>\n",
       "    .dataframe tbody tr th:only-of-type {\n",
       "        vertical-align: middle;\n",
       "    }\n",
       "\n",
       "    .dataframe tbody tr th {\n",
       "        vertical-align: top;\n",
       "    }\n",
       "\n",
       "    .dataframe thead th {\n",
       "        text-align: right;\n",
       "    }\n",
       "</style>\n",
       "<table border=\"1\" class=\"dataframe\">\n",
       "  <thead>\n",
       "    <tr style=\"text-align: right;\">\n",
       "      <th></th>\n",
       "      <th>Year</th>\n",
       "      <th>Month</th>\n",
       "      <th>Day</th>\n",
       "      <th>Time UTC</th>\n",
       "      <th>Mag</th>\n",
       "      <th>Lat</th>\n",
       "      <th>Lon</th>\n",
       "      <th>Depth km</th>\n",
       "      <th>Region</th>\n",
       "      <th>Timestamp</th>\n",
       "    </tr>\n",
       "  </thead>\n",
       "  <tbody>\n",
       "    <tr>\n",
       "      <th>562</th>\n",
       "      <td>2019</td>\n",
       "      <td>2</td>\n",
       "      <td>8</td>\n",
       "      <td>11:55:08</td>\n",
       "      <td>5.9</td>\n",
       "      <td>9.8311</td>\n",
       "      <td>126.5297</td>\n",
       "      <td>24.7</td>\n",
       "      <td>MINDANAO, PHILIPPINES</td>\n",
       "      <td>1549626908</td>\n",
       "    </tr>\n",
       "    <tr>\n",
       "      <th>964</th>\n",
       "      <td>2019</td>\n",
       "      <td>2</td>\n",
       "      <td>7</td>\n",
       "      <td>4:15:29</td>\n",
       "      <td>5.7</td>\n",
       "      <td>1.5093</td>\n",
       "      <td>126.4563</td>\n",
       "      <td>35.0</td>\n",
       "      <td>NORTHERN MOLUCCA SEA</td>\n",
       "      <td>1549512929</td>\n",
       "    </tr>\n",
       "    <tr>\n",
       "      <th>992</th>\n",
       "      <td>2019</td>\n",
       "      <td>2</td>\n",
       "      <td>7</td>\n",
       "      <td>1:41:34</td>\n",
       "      <td>5.5</td>\n",
       "      <td>-8.4642</td>\n",
       "      <td>160.9592</td>\n",
       "      <td>65.9</td>\n",
       "      <td>SOLOMON ISLANDS</td>\n",
       "      <td>1549503694</td>\n",
       "    </tr>\n",
       "    <tr>\n",
       "      <th>657</th>\n",
       "      <td>2019</td>\n",
       "      <td>2</td>\n",
       "      <td>8</td>\n",
       "      <td>3:11:05</td>\n",
       "      <td>5.4</td>\n",
       "      <td>-32.8313</td>\n",
       "      <td>57.1405</td>\n",
       "      <td>10.0</td>\n",
       "      <td>SOUTHWEST INDIAN RIDGE</td>\n",
       "      <td>1549595465</td>\n",
       "    </tr>\n",
       "    <tr>\n",
       "      <th>891</th>\n",
       "      <td>2019</td>\n",
       "      <td>2</td>\n",
       "      <td>7</td>\n",
       "      <td>10:03:08</td>\n",
       "      <td>5.4</td>\n",
       "      <td>2.2151</td>\n",
       "      <td>128.7647</td>\n",
       "      <td>33.0</td>\n",
       "      <td>HALMAHERA, INDONESIA</td>\n",
       "      <td>1549533788</td>\n",
       "    </tr>\n",
       "    <tr>\n",
       "      <th>14</th>\n",
       "      <td>2019</td>\n",
       "      <td>2</td>\n",
       "      <td>11</td>\n",
       "      <td>0:08:48</td>\n",
       "      <td>5.3</td>\n",
       "      <td>13.2099</td>\n",
       "      <td>-87.7116</td>\n",
       "      <td>192.9</td>\n",
       "      <td>HONDURAS</td>\n",
       "      <td>1549843728</td>\n",
       "    </tr>\n",
       "    <tr>\n",
       "      <th>120</th>\n",
       "      <td>2019</td>\n",
       "      <td>2</td>\n",
       "      <td>10</td>\n",
       "      <td>10:54:48</td>\n",
       "      <td>5.3</td>\n",
       "      <td>27.0748</td>\n",
       "      <td>55.5409</td>\n",
       "      <td>10.0</td>\n",
       "      <td>SOUTHERN IRAN</td>\n",
       "      <td>1549796088</td>\n",
       "    </tr>\n",
       "    <tr>\n",
       "      <th>87</th>\n",
       "      <td>2019</td>\n",
       "      <td>2</td>\n",
       "      <td>10</td>\n",
       "      <td>14:33:34</td>\n",
       "      <td>5.2</td>\n",
       "      <td>9.8247</td>\n",
       "      <td>126.3422</td>\n",
       "      <td>35.0</td>\n",
       "      <td>MINDANAO, PHILIPPINES</td>\n",
       "      <td>1549809214</td>\n",
       "    </tr>\n",
       "    <tr>\n",
       "      <th>177</th>\n",
       "      <td>2019</td>\n",
       "      <td>2</td>\n",
       "      <td>10</td>\n",
       "      <td>3:22:05</td>\n",
       "      <td>5.2</td>\n",
       "      <td>27.3621</td>\n",
       "      <td>96.4032</td>\n",
       "      <td>10.0</td>\n",
       "      <td>MYANMAR-INDIA BORDER REGION</td>\n",
       "      <td>1549768925</td>\n",
       "    </tr>\n",
       "    <tr>\n",
       "      <th>194</th>\n",
       "      <td>2019</td>\n",
       "      <td>2</td>\n",
       "      <td>10</td>\n",
       "      <td>2:05:01</td>\n",
       "      <td>5.2</td>\n",
       "      <td>0.2889</td>\n",
       "      <td>126.2773</td>\n",
       "      <td>44.1</td>\n",
       "      <td>NORTHERN MOLUCCA SEA</td>\n",
       "      <td>1549764301</td>\n",
       "    </tr>\n",
       "    <tr>\n",
       "      <th>227</th>\n",
       "      <td>2019</td>\n",
       "      <td>2</td>\n",
       "      <td>9</td>\n",
       "      <td>22:21:14</td>\n",
       "      <td>5.2</td>\n",
       "      <td>9.9298</td>\n",
       "      <td>126.3760</td>\n",
       "      <td>10.0</td>\n",
       "      <td>MINDANAO, PHILIPPINES</td>\n",
       "      <td>1549750874</td>\n",
       "    </tr>\n",
       "    <tr>\n",
       "      <th>100</th>\n",
       "      <td>2019</td>\n",
       "      <td>2</td>\n",
       "      <td>10</td>\n",
       "      <td>13:27:09</td>\n",
       "      <td>5.1</td>\n",
       "      <td>-15.0989</td>\n",
       "      <td>-173.5017</td>\n",
       "      <td>10.0</td>\n",
       "      <td>TONGA ISLANDS</td>\n",
       "      <td>1549805229</td>\n",
       "    </tr>\n",
       "    <tr>\n",
       "      <th>162</th>\n",
       "      <td>2019</td>\n",
       "      <td>2</td>\n",
       "      <td>10</td>\n",
       "      <td>5:34:25</td>\n",
       "      <td>5.1</td>\n",
       "      <td>28.1830</td>\n",
       "      <td>129.5768</td>\n",
       "      <td>39.1</td>\n",
       "      <td>RYUKYU ISLANDS, JAPAN</td>\n",
       "      <td>1549776865</td>\n",
       "    </tr>\n",
       "    <tr>\n",
       "      <th>255</th>\n",
       "      <td>2019</td>\n",
       "      <td>2</td>\n",
       "      <td>9</td>\n",
       "      <td>19:23:08</td>\n",
       "      <td>5.1</td>\n",
       "      <td>-21.6680</td>\n",
       "      <td>-68.3854</td>\n",
       "      <td>121.6</td>\n",
       "      <td>CHILE-BOLIVIA BORDER REGION</td>\n",
       "      <td>1549740188</td>\n",
       "    </tr>\n",
       "    <tr>\n",
       "      <th>547</th>\n",
       "      <td>2019</td>\n",
       "      <td>2</td>\n",
       "      <td>8</td>\n",
       "      <td>12:45:39</td>\n",
       "      <td>5.1</td>\n",
       "      <td>9.8764</td>\n",
       "      <td>126.3908</td>\n",
       "      <td>10.0</td>\n",
       "      <td>MINDANAO, PHILIPPINES</td>\n",
       "      <td>1549629939</td>\n",
       "    </tr>\n",
       "  </tbody>\n",
       "</table>\n",
       "</div>"
      ],
      "text/plain": [
       "     Year  Month  Day  Time UTC  Mag      Lat       Lon  Depth km  \\\n",
       "562  2019      2    8  11:55:08  5.9   9.8311  126.5297      24.7   \n",
       "964  2019      2    7   4:15:29  5.7   1.5093  126.4563      35.0   \n",
       "992  2019      2    7   1:41:34  5.5  -8.4642  160.9592      65.9   \n",
       "657  2019      2    8   3:11:05  5.4 -32.8313   57.1405      10.0   \n",
       "891  2019      2    7  10:03:08  5.4   2.2151  128.7647      33.0   \n",
       "14   2019      2   11   0:08:48  5.3  13.2099  -87.7116     192.9   \n",
       "120  2019      2   10  10:54:48  5.3  27.0748   55.5409      10.0   \n",
       "87   2019      2   10  14:33:34  5.2   9.8247  126.3422      35.0   \n",
       "177  2019      2   10   3:22:05  5.2  27.3621   96.4032      10.0   \n",
       "194  2019      2   10   2:05:01  5.2   0.2889  126.2773      44.1   \n",
       "227  2019      2    9  22:21:14  5.2   9.9298  126.3760      10.0   \n",
       "100  2019      2   10  13:27:09  5.1 -15.0989 -173.5017      10.0   \n",
       "162  2019      2   10   5:34:25  5.1  28.1830  129.5768      39.1   \n",
       "255  2019      2    9  19:23:08  5.1 -21.6680  -68.3854     121.6   \n",
       "547  2019      2    8  12:45:39  5.1   9.8764  126.3908      10.0   \n",
       "\n",
       "                          Region   Timestamp  \n",
       "562        MINDANAO, PHILIPPINES  1549626908  \n",
       "964         NORTHERN MOLUCCA SEA  1549512929  \n",
       "992              SOLOMON ISLANDS  1549503694  \n",
       "657       SOUTHWEST INDIAN RIDGE  1549595465  \n",
       "891         HALMAHERA, INDONESIA  1549533788  \n",
       "14                      HONDURAS  1549843728  \n",
       "120                SOUTHERN IRAN  1549796088  \n",
       "87         MINDANAO, PHILIPPINES  1549809214  \n",
       "177  MYANMAR-INDIA BORDER REGION  1549768925  \n",
       "194         NORTHERN MOLUCCA SEA  1549764301  \n",
       "227        MINDANAO, PHILIPPINES  1549750874  \n",
       "100                TONGA ISLANDS  1549805229  \n",
       "162        RYUKYU ISLANDS, JAPAN  1549776865  \n",
       "255  CHILE-BOLIVIA BORDER REGION  1549740188  \n",
       "547        MINDANAO, PHILIPPINES  1549629939  "
      ]
     },
     "execution_count": 7,
     "metadata": {},
     "output_type": "execute_result"
    }
   ],
   "source": [
    "eq.sort_values(by='Mag',ascending=False)"
   ]
  },
  {
   "cell_type": "markdown",
   "metadata": {},
   "source": [
    "# Q5 Set all values in the column of 'Timestamp' to 0"
   ]
  },
  {
   "cell_type": "code",
   "execution_count": 8,
   "metadata": {},
   "outputs": [
    {
     "data": {
      "text/html": [
       "<div>\n",
       "<style scoped>\n",
       "    .dataframe tbody tr th:only-of-type {\n",
       "        vertical-align: middle;\n",
       "    }\n",
       "\n",
       "    .dataframe tbody tr th {\n",
       "        vertical-align: top;\n",
       "    }\n",
       "\n",
       "    .dataframe thead th {\n",
       "        text-align: right;\n",
       "    }\n",
       "</style>\n",
       "<table border=\"1\" class=\"dataframe\">\n",
       "  <thead>\n",
       "    <tr style=\"text-align: right;\">\n",
       "      <th></th>\n",
       "      <th>Year</th>\n",
       "      <th>Month</th>\n",
       "      <th>Day</th>\n",
       "      <th>Time UTC</th>\n",
       "      <th>Mag</th>\n",
       "      <th>Lat</th>\n",
       "      <th>Lon</th>\n",
       "      <th>Depth km</th>\n",
       "      <th>Region</th>\n",
       "      <th>Timestamp</th>\n",
       "    </tr>\n",
       "  </thead>\n",
       "  <tbody>\n",
       "    <tr>\n",
       "      <th>14</th>\n",
       "      <td>2019</td>\n",
       "      <td>2</td>\n",
       "      <td>11</td>\n",
       "      <td>0:08:48</td>\n",
       "      <td>5.3</td>\n",
       "      <td>13.2099</td>\n",
       "      <td>-87.7116</td>\n",
       "      <td>192.9</td>\n",
       "      <td>HONDURAS</td>\n",
       "      <td>0</td>\n",
       "    </tr>\n",
       "    <tr>\n",
       "      <th>87</th>\n",
       "      <td>2019</td>\n",
       "      <td>2</td>\n",
       "      <td>10</td>\n",
       "      <td>14:33:34</td>\n",
       "      <td>5.2</td>\n",
       "      <td>9.8247</td>\n",
       "      <td>126.3422</td>\n",
       "      <td>35.0</td>\n",
       "      <td>MINDANAO, PHILIPPINES</td>\n",
       "      <td>0</td>\n",
       "    </tr>\n",
       "    <tr>\n",
       "      <th>100</th>\n",
       "      <td>2019</td>\n",
       "      <td>2</td>\n",
       "      <td>10</td>\n",
       "      <td>13:27:09</td>\n",
       "      <td>5.1</td>\n",
       "      <td>-15.0989</td>\n",
       "      <td>-173.5017</td>\n",
       "      <td>10.0</td>\n",
       "      <td>TONGA ISLANDS</td>\n",
       "      <td>0</td>\n",
       "    </tr>\n",
       "    <tr>\n",
       "      <th>120</th>\n",
       "      <td>2019</td>\n",
       "      <td>2</td>\n",
       "      <td>10</td>\n",
       "      <td>10:54:48</td>\n",
       "      <td>5.3</td>\n",
       "      <td>27.0748</td>\n",
       "      <td>55.5409</td>\n",
       "      <td>10.0</td>\n",
       "      <td>SOUTHERN IRAN</td>\n",
       "      <td>0</td>\n",
       "    </tr>\n",
       "    <tr>\n",
       "      <th>162</th>\n",
       "      <td>2019</td>\n",
       "      <td>2</td>\n",
       "      <td>10</td>\n",
       "      <td>5:34:25</td>\n",
       "      <td>5.1</td>\n",
       "      <td>28.1830</td>\n",
       "      <td>129.5768</td>\n",
       "      <td>39.1</td>\n",
       "      <td>RYUKYU ISLANDS, JAPAN</td>\n",
       "      <td>0</td>\n",
       "    </tr>\n",
       "    <tr>\n",
       "      <th>177</th>\n",
       "      <td>2019</td>\n",
       "      <td>2</td>\n",
       "      <td>10</td>\n",
       "      <td>3:22:05</td>\n",
       "      <td>5.2</td>\n",
       "      <td>27.3621</td>\n",
       "      <td>96.4032</td>\n",
       "      <td>10.0</td>\n",
       "      <td>MYANMAR-INDIA BORDER REGION</td>\n",
       "      <td>0</td>\n",
       "    </tr>\n",
       "    <tr>\n",
       "      <th>194</th>\n",
       "      <td>2019</td>\n",
       "      <td>2</td>\n",
       "      <td>10</td>\n",
       "      <td>2:05:01</td>\n",
       "      <td>5.2</td>\n",
       "      <td>0.2889</td>\n",
       "      <td>126.2773</td>\n",
       "      <td>44.1</td>\n",
       "      <td>NORTHERN MOLUCCA SEA</td>\n",
       "      <td>0</td>\n",
       "    </tr>\n",
       "    <tr>\n",
       "      <th>227</th>\n",
       "      <td>2019</td>\n",
       "      <td>2</td>\n",
       "      <td>9</td>\n",
       "      <td>22:21:14</td>\n",
       "      <td>5.2</td>\n",
       "      <td>9.9298</td>\n",
       "      <td>126.3760</td>\n",
       "      <td>10.0</td>\n",
       "      <td>MINDANAO, PHILIPPINES</td>\n",
       "      <td>0</td>\n",
       "    </tr>\n",
       "    <tr>\n",
       "      <th>255</th>\n",
       "      <td>2019</td>\n",
       "      <td>2</td>\n",
       "      <td>9</td>\n",
       "      <td>19:23:08</td>\n",
       "      <td>5.1</td>\n",
       "      <td>-21.6680</td>\n",
       "      <td>-68.3854</td>\n",
       "      <td>121.6</td>\n",
       "      <td>CHILE-BOLIVIA BORDER REGION</td>\n",
       "      <td>0</td>\n",
       "    </tr>\n",
       "    <tr>\n",
       "      <th>547</th>\n",
       "      <td>2019</td>\n",
       "      <td>2</td>\n",
       "      <td>8</td>\n",
       "      <td>12:45:39</td>\n",
       "      <td>5.1</td>\n",
       "      <td>9.8764</td>\n",
       "      <td>126.3908</td>\n",
       "      <td>10.0</td>\n",
       "      <td>MINDANAO, PHILIPPINES</td>\n",
       "      <td>0</td>\n",
       "    </tr>\n",
       "    <tr>\n",
       "      <th>562</th>\n",
       "      <td>2019</td>\n",
       "      <td>2</td>\n",
       "      <td>8</td>\n",
       "      <td>11:55:08</td>\n",
       "      <td>5.9</td>\n",
       "      <td>9.8311</td>\n",
       "      <td>126.5297</td>\n",
       "      <td>24.7</td>\n",
       "      <td>MINDANAO, PHILIPPINES</td>\n",
       "      <td>0</td>\n",
       "    </tr>\n",
       "    <tr>\n",
       "      <th>657</th>\n",
       "      <td>2019</td>\n",
       "      <td>2</td>\n",
       "      <td>8</td>\n",
       "      <td>3:11:05</td>\n",
       "      <td>5.4</td>\n",
       "      <td>-32.8313</td>\n",
       "      <td>57.1405</td>\n",
       "      <td>10.0</td>\n",
       "      <td>SOUTHWEST INDIAN RIDGE</td>\n",
       "      <td>0</td>\n",
       "    </tr>\n",
       "    <tr>\n",
       "      <th>891</th>\n",
       "      <td>2019</td>\n",
       "      <td>2</td>\n",
       "      <td>7</td>\n",
       "      <td>10:03:08</td>\n",
       "      <td>5.4</td>\n",
       "      <td>2.2151</td>\n",
       "      <td>128.7647</td>\n",
       "      <td>33.0</td>\n",
       "      <td>HALMAHERA, INDONESIA</td>\n",
       "      <td>0</td>\n",
       "    </tr>\n",
       "    <tr>\n",
       "      <th>964</th>\n",
       "      <td>2019</td>\n",
       "      <td>2</td>\n",
       "      <td>7</td>\n",
       "      <td>4:15:29</td>\n",
       "      <td>5.7</td>\n",
       "      <td>1.5093</td>\n",
       "      <td>126.4563</td>\n",
       "      <td>35.0</td>\n",
       "      <td>NORTHERN MOLUCCA SEA</td>\n",
       "      <td>0</td>\n",
       "    </tr>\n",
       "    <tr>\n",
       "      <th>992</th>\n",
       "      <td>2019</td>\n",
       "      <td>2</td>\n",
       "      <td>7</td>\n",
       "      <td>1:41:34</td>\n",
       "      <td>5.5</td>\n",
       "      <td>-8.4642</td>\n",
       "      <td>160.9592</td>\n",
       "      <td>65.9</td>\n",
       "      <td>SOLOMON ISLANDS</td>\n",
       "      <td>0</td>\n",
       "    </tr>\n",
       "  </tbody>\n",
       "</table>\n",
       "</div>"
      ],
      "text/plain": [
       "     Year  Month  Day  Time UTC  Mag      Lat       Lon  Depth km  \\\n",
       "14   2019      2   11   0:08:48  5.3  13.2099  -87.7116     192.9   \n",
       "87   2019      2   10  14:33:34  5.2   9.8247  126.3422      35.0   \n",
       "100  2019      2   10  13:27:09  5.1 -15.0989 -173.5017      10.0   \n",
       "120  2019      2   10  10:54:48  5.3  27.0748   55.5409      10.0   \n",
       "162  2019      2   10   5:34:25  5.1  28.1830  129.5768      39.1   \n",
       "177  2019      2   10   3:22:05  5.2  27.3621   96.4032      10.0   \n",
       "194  2019      2   10   2:05:01  5.2   0.2889  126.2773      44.1   \n",
       "227  2019      2    9  22:21:14  5.2   9.9298  126.3760      10.0   \n",
       "255  2019      2    9  19:23:08  5.1 -21.6680  -68.3854     121.6   \n",
       "547  2019      2    8  12:45:39  5.1   9.8764  126.3908      10.0   \n",
       "562  2019      2    8  11:55:08  5.9   9.8311  126.5297      24.7   \n",
       "657  2019      2    8   3:11:05  5.4 -32.8313   57.1405      10.0   \n",
       "891  2019      2    7  10:03:08  5.4   2.2151  128.7647      33.0   \n",
       "964  2019      2    7   4:15:29  5.7   1.5093  126.4563      35.0   \n",
       "992  2019      2    7   1:41:34  5.5  -8.4642  160.9592      65.9   \n",
       "\n",
       "                          Region  Timestamp  \n",
       "14                      HONDURAS          0  \n",
       "87         MINDANAO, PHILIPPINES          0  \n",
       "100                TONGA ISLANDS          0  \n",
       "120                SOUTHERN IRAN          0  \n",
       "162        RYUKYU ISLANDS, JAPAN          0  \n",
       "177  MYANMAR-INDIA BORDER REGION          0  \n",
       "194         NORTHERN MOLUCCA SEA          0  \n",
       "227        MINDANAO, PHILIPPINES          0  \n",
       "255  CHILE-BOLIVIA BORDER REGION          0  \n",
       "547        MINDANAO, PHILIPPINES          0  \n",
       "562        MINDANAO, PHILIPPINES          0  \n",
       "657       SOUTHWEST INDIAN RIDGE          0  \n",
       "891         HALMAHERA, INDONESIA          0  \n",
       "964         NORTHERN MOLUCCA SEA          0  \n",
       "992              SOLOMON ISLANDS          0  "
      ]
     },
     "execution_count": 8,
     "metadata": {},
     "output_type": "execute_result"
    }
   ],
   "source": [
    "eq['Timestamp']=0\n",
    "eq"
   ]
  },
  {
   "cell_type": "markdown",
   "metadata": {},
   "source": [
    "# Q6 Delete the column named 'Timestamp'"
   ]
  },
  {
   "cell_type": "code",
   "execution_count": 9,
   "metadata": {},
   "outputs": [
    {
     "data": {
      "text/html": [
       "<div>\n",
       "<style scoped>\n",
       "    .dataframe tbody tr th:only-of-type {\n",
       "        vertical-align: middle;\n",
       "    }\n",
       "\n",
       "    .dataframe tbody tr th {\n",
       "        vertical-align: top;\n",
       "    }\n",
       "\n",
       "    .dataframe thead th {\n",
       "        text-align: right;\n",
       "    }\n",
       "</style>\n",
       "<table border=\"1\" class=\"dataframe\">\n",
       "  <thead>\n",
       "    <tr style=\"text-align: right;\">\n",
       "      <th></th>\n",
       "      <th>Year</th>\n",
       "      <th>Month</th>\n",
       "      <th>Day</th>\n",
       "      <th>Time UTC</th>\n",
       "      <th>Mag</th>\n",
       "      <th>Lat</th>\n",
       "      <th>Lon</th>\n",
       "      <th>Depth km</th>\n",
       "      <th>Region</th>\n",
       "    </tr>\n",
       "  </thead>\n",
       "  <tbody>\n",
       "    <tr>\n",
       "      <th>14</th>\n",
       "      <td>2019</td>\n",
